Vnn  =    30.3586331075289
Ven  =   -536.871190427040
Vee  =    109.327080702748
Vecp =   0.000000000000000E+000
T    =    198.539379873618
