 State            1
 ---------

 Vnn  =    30.3586331075289
 Ven  =   -530.593543468278
 Vee  =    107.974527185706
 Vecp =   0.000000000000000E+000
 T    =    196.286126937092
